9103693
10542870
9164950
2550434
229198
3143033
9118318
1079091
1040617
1284253
1008590
13582104
720641
181999
8134724
7146944
508559
3389978
700179
3259412
6997927
2191632
8814958
4055824
11555571
4909627
4842086
1873683
8695339
10961556
5038876
13256355
893570
7393204
958134
497257
525793
3182207
11413995
4287864
8689645
615894
1141122
822608
3569558
5861080
9125884
1238347
671733
8453494
2164383
12167319
4230222
2281764
1107972
680594
2490101
4416548
8565547
11005287
27811
6326512
3503957
364518
11828643
11747937
6399913
815390
6130906
3951199
6440266
8649022
23624
6539242
1119653
11979237
6144534
6472543
12324099
4768214
3315404
6469438
4070221
6526081
4747337
838780
14759196
8477080
3902059
6230764
11784423
219808
2166894
7870783
5740039
10258511
1983564
3897976
341790
11412834