11237001
1798543
2858936
4930156
4395191
3171598
8262061
3233906
5937223
299585
465617
3726944
602961
7047037
3521495
96887
9437051
2655248
11917494
1424713
470712
917199
720059
3569135
13206693
1021381
10331561
5376332
4124235
54260
249263
307960
4264656
1343110
4376057
678607
188804
4214896
723553
13089552
122336
14011071
76856
3727297
3644073
3744222
671800
3762065
60119
928903
3744171
3769321
1105183
3661407
31862
248510
905418
3762433
1696586
1166801
8808310
3118862
92570
890605
1148286
6235393
3372653
8786662
14658732
8002102
2881223
224715
1128137
221759
2820884
419532
7061020
743359
714038
3802388
11559753
5055664
280952
3745704
7042366
3746327
3769285
5632063
3770066
52992
3294578
4221574
1938144
2096973
5606296
8275867
4215130
10522761
420945
31864