8814958
8695339
9383372
11784423
10513821
9322685
8815297
10575732
14379033
8693206
8680912
10468920
9602051
10706868
14433579
10991337
8975332
9587102
11276970
12846105
12788679
11924202
14072769
9726596
12365511
8725624
8710714
10733265
11627301
9770012
12967728
9683291
12825402
9037532
9557984
10292615
10475103
9707159
10739559
10241984
8918257
9152509
10384371
8716384
10333253
9445562
9860450
10714080
8628700
10768842
8912653
9552590
10991397
9320978
8669305
10589022
12874254
8916415
11852862
13056315
8907502
13791684
8809828
8743393
9614909
13333809
14446209
12042273
10707567
10746426
11071920
10437621
10901835
10488756
8756827
10517118
10396884
12143223
10930182
9302078
9550832
9134674
8691700
14614509
8718547
10913970
12086580
9339902
12851298
11346141
10202474
9380378
9203657
9190532
10999002
8947381
11110851
8595046
10525821
11016390
8634775
13407591
11162325
8748019
13604286
11604000
14657589
10451001
11343843
13265949
11162022
14308404
13365807
9104467
11106828
11900439
11571747
10793580
11477382
8828227
10116890
14546547
11509089
13662171
10057400
11353032
8775997
10508073
10555098
8816929
10327295
12283221
12554336
9627731
9423494
12241077
8889700
8693101
11240955
10563015
8831923
12117306
10818072
10657761
10494132
10885158
9395027
11362380
11767326
8826640
13685235
9103285
8826676
9302402
11493945
14622000
9417650
10312310
9667736
8854672
9314729
10523772
11618757
10421313
9608468
13313622
10954155
12808392
8684860
13358952
10238768
10907166
9219431
14580924
11789205
10551398
8817454
8764333
14826950
9181243
8920888
8715037
8694736
8789068
10695825
10520589
14417154
8612125
9480893
14818775
14357595
10036118
12177063
8802358
12320535
11685036
9180304
14748530
12117165
9494510