13969572
613100
664425
1857018
6360301
14256564
11940579
11076564
10990782
13492218
13098417
11753535
5713900
37745
826645
13778199
10934709
5234747
12329703
13553250
9696572
14880212
14996711
1778137
13689579
10221719
1621829
12361116
13643676
270462
432740
15024989
14492649
15012092
935701
11847225
15035690
11909412
13878780
572661
4913290
1986243
1380988
4619526
920129
4594557
5012170
9865013
6250183
6167807
7809049
1004090
966856
760621
11702454
11683116
2272593
7063549
817287
9070888
8822023
7460322
13438761
1612538
4554582
3879220
7506676
3504062
4075723
12507052
9848879
768372
6048280
11789832
11489583
4472126
292592
4953082
7929955
7506796
7885543
9771026
11841330
6006607
2590838
12287127
11545893
13323564
7742104
12489040
9286316
2303990
6148257
1951719
7507159
11901300
980403
1131347
1673933
1813351
3181649
13824054
13381458
10185635
7317220
5029219
897688
9141937
4538466
4559664
5702788
8407111
1150331
1887453
1699694
12404412
7336516
2221083
917777
13439613
14339841
728670
12088152
896934
13774104
8017231
7345453
9101386
6599347
4895644
7270357
8918605
11959188
3223079
7703788
7280527
276559
9435716
11853006
7779241
774255
11568732
7080523
648602
10932006
2266857
4662810
6802396
4331922
7346590
3394022
1134524
7979872
11495529
7672849
5878297
1650032
11045343
14635287
12037041
1888374
4236123
7764022
1238404
10223930
4100347
5834221
8034130
2331488
3299156
5806612
4318938
994612
12288342
2254995
11531043
8237051
14374461
11477829
6765694
11083344
4303230
7723069
14806005
13915761
12177942
1870521
1539677
13563387
6316831
11366163
1557383
11700570
10691862
14685618
4558020
10929030
4606653
1851913
1417746