10831692
14852078
13850526
8949805
9598706
4854578
9122308
480405
4121434
10365444
593955
2236155
4990360
12270822
4145643
10672281
12835626
14611239
14164536
8438497
13169511
14344284
14154777
12648834
2640902
11739645
12506448
11409750
13856961
3636717
14381433
2061552
11931195
1047439
1924062
6024930
5343128
5150174
9139699
7044748
12177237
10808499
5562406
662692
4980436
1097340
5630068
5641159
2347022
10653969
11295801
939407
13308633
579277
10935189
5164889
5985331
7758130
6057796
1561427
14025942
14342283
7913506
13839222
12774177
7408855
610350
10064060
12142122
1965009
12508588
3838039
287750
164026
8184487
9314897
849923
15017381
93822
7952047
13665906
944867
9557384
9349109
7158335
12422916
5128760
3536309
364515
6478048
6518440
10789632
954741
869089
2143689
10551098
8620537
6146056
6479887
6480517
9380228
12925410
219284
1342384
11175426
14474973
634196
7748092
6742183
9781712
13002492
14493567
12086856
9369227
217891
12311892
11656008
1535321
14750633
381831
14618994
15037517
11035764
9833102
14629509
13529943
787368
2702156
12611812
2792486
11172972
12580264
13929054
9301250
11906232
14714540
6619786
305968
458060
3101549
6160258
2147307
3761881
7446595
9392108
4907029
451874
8668537
11836782
6061867
5356241
6230710
347143
13648899
12135204
8040475
14820626
13082103
1663355
155537
4244370
14256819
5438210
1162542
13225635
9897254
12508684
10027361
12008103
9903296
12972555
11370090
1153445
10038515
1087194
671270
7562548
100657
5112554
10050521
80362
4333685
235494
11966274
229930
12774867
10807422
5017867
9187112
11873316
7877827
7689619
10096823
3869419
745121
2317835
4115824
8682568
262240
1389805