8773819
11038038
2685134
2049417
2274588
2694344
853578
749979
7100701
4109634
4138950
549216
1415563
3066392
5370161
603699
11154396
11792886
3331841
4171284
7949863
14010213
1080157
1795624
7892548
5588884
4717331
2483792
7234435
2601053
3701051
4450880
619463
903195
526050
9229070
5419325
1137078
7241308
13178541
3567476
4987579
2119074
1089732
7746121
503259
1171298
632736
7169429
2164923
8319304
5723791
13855509
2517545
683373
9307820
7468701
1966170
7101724
5857627
6326512
3503957
364518
11828643
11747937
6399913
815390
6130906
3951199
6440266
8649022
23624
6539242
1119653
11979237
6144534
6472543
12324099
4768214
8694541
6477562
11517006
11411772
341787
12248148
11878530
6515761
4392587
2035776
11280297
6540910
336283
11509173
10814418
10787211
5286902
1976262
5557430
3989722
13199922
678401
3828676
12006078
10811862
1658405
2704142
71888
6387304
13573113
10060673
7310248
7853173
11030355
13051428
6640327
8547025
462239
12418824
10924026
500104
500104
436328
6678943
220663
8142010
4377371
11120358
821620
950809
12256452
1065984
6158899
11960829
13431669
635704
721832
10205426
786987
12110064
4077793
2474912
14483523
10254974
13864710
7561408
10204424
6929998
2101464
11270712
11868909
3137225
712279
11395647
804824
1665290
9671396
455658
6644659
3453917
2457254
10926225
805315
6500419
3476096
2550161
10805304
7749148
214143
4715291
5187314
12616768
520153
5880514
6027406
5076670
1392052
4871473
10807083
6341596
6717850
7094992
2758847
10039085
1159611
3990628
8178292
434816
4171044
2022684
2496473
10972425
13449276
7443187
9580016
5701498
5632681
5843005
4637604
10669464
6888562