317714
9261116
3895873
681549
3770234
1761649
3744049
3779077
671374
11994519
3780322
7075372
767476
1062193
443963
191014
855043
11736699
681493
392576
220567
453423
167092
9214880
4102696
1153152
1130662
6014236
5938441
2525687
3373481
479171
13959774
249954
1612658
673228
3778679
630608
666463
3719534
4221585
3762881
220459
3778972
4218284
1217302
51018
73651
1025142
2186775
3759542
127022
126029
4565274
12275010
1615520
1133046
3762475
859741
3853091
168234
481398
4541622
2586584
172418
1397881
7418320
3762875
11933517
3745028
840373
3833227
2700002
75543
678368
193399
3779969
3758014
4214914
4554459
4221345
3833055
134604
3727094
3746133
4215230
3738224
671809
4021606
3745394
3720062
3852656
3784727
3863052
3777734
3767350
13514895
3744733
3744310
3737240
4222141
3770480
809765
3726248
3783116
3744295
12172797
3743456
3778807
4215331
3767615
10755180
3863646
368451
2531723
3744163
2758625
12050436
2330738
3784664
3784203
637596
4215007
3777121
3780376
3738217
3744271
3761939
3743336
4218309
3744240
3782670
3762254
535637
3744219
3737219
1779991
1180333
4212231
3784378
3743591
8832235
4211845
3802361
3744993
4211578
19604
3802412
3831930
3831909
285598
172610
253918
5989633
3651270
2887874
4338113
2183664
927450
3650277
2181669
3777938
89930
14824653
11837190
3894307
12038649
3731578
1088371
671837
13116294
3762655
272464
715558
6612859
10574847
7181231
12906447
494518
79417
4649217
3756760
14961788
4523916
1139733
9478817
2695979
366723
14723873
13975839
4376219
4013974
6191
3778877
2194332
1155859
114775
1019637
11789061
713455