1086566
1136289
5060779
5070646
9090421
6185780
4162719
12634722
2010603
1696271
2655923
8561860
903962
6119950
3334256
12340716
4768613
3400064
5108219
6432895
7254910
10759101
5320814
3953074
8163667
1819999
3802651
7340884
1023893
6783019
11629557
3541982
10927311
7534108
833853
5164058
2012646
12355002
6553582
7684270
7733926
5455577
6097472
2073516
4969921
5632012
2793215
4003318
4101643
6668689
3177888
5774530
3372161
11909466
7506037
1022504
1703306
1282759
1698893
867085
5091095
4761041
3491879
6647041
907167
3838918
10717788
7041358
11512608
3319487
12635793
2654933
1808116
4601862
11021394
8541796
1129620
4571301
14296080
8443966
9406982
10869804
13839060
1984278
4855187
8114230
5936863
1555670
8650171
11085033
4532451
1069777
12486864
6526957
3977620
2532788
9575453
10543530
6823543
4543701
3660516
12395748
3273509
3699407
10219256
5822668
6877999
6305743
6108894
4686599
5735905
1797277
9818435
8789920
2697335
11673477
337747
13387122
7487523
3292460
3261857
700898
3619905
11911404
2232903
14231988
4701215
9452783
3623367
2778200
1050548
6621505
9857096
5468633
1142333
4984342
10791639
2142912
9309701
32878
13996215
4938829
2431955
3497162
932098
8222998
1600400
5305598
8619892
12036144
5375375
2418857
8872402
7569553
14606346
944416
13201107
14045520
4701497
2277498
2465384
1367512
2032239
5492939
6866614
2570222
10815012
13375128
3953905
14802110
2197800
13718412
5317430
9819737
1458811
2438108
1473958
1601225
5615473
3275063
536440
2119872
4390568
6415162
1334365
1983162
11561475
7685278
9680795
12882024
965586
11883792
1138673
1819951
11324190
306305
1107565
13400619
3241304
13391046