2818406
1146834
5588668
3103505
7920298
745155
1976166
8952622
835355
2753183
699972
1093732
1761649
1707869
1056350
10315613
3450002
7005622
1006951
3665187
650993
767370
3192464
1116438
4118248
6784171
662284
678584
7075372
1155638
801426
5523518
657014
1222588
1248433
2462309
855043
825630
5552663
4365971
838292
2575127
2025090
703572
6408424
3470309
6144193
608532
702168
3824734
1121342
2510231
3794545
2506502
5145950
696169
2766308
4910821
3116744
6100621
1311565
698214
766838
2648756
453423
1528040
11008857
9214880
5143502
13959774
715309
7011409
4071670
1098613
1271947
701074
3778105
4595391
956390
127022
6011815
662513
8951737
9404735
898290
4303236
4904332
3756760
3582672
716478
1022902
6894292
3836170
713912
13975839
3767293
840544
6332689
10310966
3369044
836085
676645
5162780
822027
3212021
1287184
2471462
1027648
3815488
1150331
690347
825413
3948400
1773892
5975683
1568318
2891153
3664962
6771949
3231716
6171532
1287001
4378049
3065534
4645296
7369294
4090960
5060356
7565854
1149636
6023625
3274604
8809138
4071136
11545329
819210
3577089
1387231
879271
3240770
2802302
3451484
7174637
3072968
732389
2067300
847208
6454855
1381006
3771748
4209276
660477
1987758
4124772
3884635
14341458
11595342
4542474
6643117
3316013
3287207
1152510
598685
5580463
978875
714712
666641
4671095
4357823
6867298
1149238
1177789
3704491
3810010
4493970
689117
680696
1211164
3472478
2521217
759865
779899
708704
3170054
1182542
13266396
6913477
2380208
689447
4768175
4327161
4997902
1033909
3771667
2837381
14489235
1171677
14088378
5977513
957553